image: map_test_blurred.pgm
resolution: 0.100000
origin: [0.000000, 0.000000, 0.000000]
negate: 0
occupied_thresh: 0.7
free_thresh: 0.0

